  366.832344
  370.624265
  365.846935
  365.499562
  366.32437
  363.499217
  366.368435
  358.966082
  363.791344
  369.292269
  362.833984
  363.960468
  373.213913
  374.22996
  360.946341
  371.202215
  365.895071
  364.662438
  371.326105
  370.406535
  362.981787
  369.388942
  366.050084
  359.301546
  363.157013
  371.011492
  365.91989
  371.145186
  355.961284
  373.049669
  367.251472
  367.450457
  366.282076
  366.216039
  367.786569
  361.728862
  372.158718
  369.096085
  366.3834
  365.348288
  361.621378
  366.671192
  370.306452
  362.621197
  366.103346
  370.18201
  363.765306
  366.338937
  358.49391
  363.606847
  368.249023
  367.079274
  361.537741
  366.443835
  360.718472
  366.267197
  359.665038
  370.602648
  367.331626
  367.852541
  359.450078
  367.504461
  378.828502
  363.73714
  362.521749
  371.994913
  367.581455
  367.339941
  369.205058
  374.060996
  377.694714
  366.090892
  369.198887
  361.127907
  367.495744
  363.763408
  368.685445
  368.571897
  364.162784
  369.749894
  365.864635
  368.273998
  357.523806
  365.478412
  363.818163
  365.960331
  368.915797
  370.341027
  366.099894
  360.760795
  361.218577
  360.515433
  369.842656
  366.981685
  363.49632
  366.698218
  362.939093
  368.593963
  371.524819
  363.609474
  364.014909
  365.018061
  364.653621
  376.321187
  362.074399
  364.100114
  364.782458
  373.263889
  367.118969
  360.295038
  364.759116
  372.301611
  368.678764
  361.47415
  358.021403
  361.12088
  365.704364
  371.88514
  365.963374
  369.983533
  365.424166
  369.470635
  368.476857
  368.473919
  369.662107
  367.186955
  368.746134
  364.691366
  365.583901
  361.188387
  365.202492
  360.772782
  363.708795
  370.71304
  368.480864
  371.594735
  364.197899
  367.0128
  362.4035
  366.143532
  359.094622
  366.608283
  372.824216
  368.19812
  367.302456
  373.217699
  371.240289
  368.217962
  366.904802
  365.850584
  360.755551
  359.783439
  364.097606
  368.587715
  364.383336
  370.086259
  372.65362
  368.806512
  363.287869
  368.848801
  365.304424
  368.976695
  366.958967
  365.864925
  356.720816
  365.699293
  366.307945
  364.481427
  368.188364
  358.719186
  367.92008
  367.385994
  361.142053
  365.922697
  363.726852
  368.080489
  361.383315
  369.151177
  363.173039
  364.174513
  366.790511
  368.275199
  373.211274
  364.190254
  359.307484
  363.76077
  365.257504
  369.318927
  365.063661
  369.60944
  367.547045
  368.807326
  364.867082
  364.903574
  360.552751
  376.173496
  362.482605
  372.526594
  364.712601
  364.19677
  364.259688
  364.846195
  365.479207
  365.103695
  366.312164
  359.800505
  372.962682
  369.308509
  364.709236
  364.940055
  364.784309
  368.41131
  365.591446
  364.529023
  371.445458
  376.083144
  361.029411
  365.072626
  362.624309
  363.492629
  368.740575
  365.754964
  367.265743
  359.116397
  366.807179
  366.010511
  365.608601
  363.612592
  364.116772
  366.061651
  365.517003
  369.585028
  368.700715
  367.19192
  368.163537
  366.378666
  362.233555
  368.609592
  368.421574
  359.591862
  363.183
  377.355372
  368.477412
  363.505604
  361.714455
  363.345659
  370.635454
  362.255386
  367.330085
  369.337194
  370.404669
  360.549539
  369.267282
  363.182486
  374.287813
  360.393147
  363.308323
  370.422799
  367.957182
  365.313971
  375.116917
  360.626341
  364.459695
  364.825067
  370.136093
  366.437742
  366.148694
  363.0728
  362.521195
  364.939927
  368.152612
  361.093918
  361.860318
  368.093533
  345.093718
  368.297276
  373.758548
  360.126922
  366.03915
  366.176208
  358.480924
  374.071511
  360.578509
  369.047363
  365.747306
  369.839802
  375.876108
  360.160198
  364.71234
  346.049813
  366.051797
  360.594005
  367.991661
  373.503633
  364.194638
  361.691027
  365.042078
  362.500826
  363.278825
  363.846185
  372.008703
  369.505775
  356.686483
  365.651387
  367.590146
  362.528542
  366.248162
  366.86699
  373.349879
  365.236852
  366.92031
  370.315722
  361.993386
  369.543517
  367.748914
  370.316079
  361.801917
  364.144447
  364.434757
  366.770264
  365.878618
  359.108464
  368.604409
  365.58716
  365.030225
  364.327814
  362.329969
  368.5118
  370.00014
  365.068612
  363.526339
  367.343704
  362.641825
  368.364035
  366.111259
  367.500083
  367.333486
  360.767529
  367.909251
  367.7282
  373.613529
  368.870696
  364.279182
  367.205803
  349.295736
  359.544198
  366.342052
  361.71372
  365.119372
  367.508095
  362.742788
  369.617563
  368.162066
  370.5829
  369.047716
  363.002858
  367.490668
  367.272914
  368.545497
  368.905275
  365.44147
  366.954175
  366.763116
  362.924558
  368.097249
  369.384574
  364.06583
  361.068299
  366.215194
  364.447782
  370.128539
  368.485165
  374.546581
  364.588803
  362.701837
  365.145273
  363.582137
  364.000435
  363.261091
  367.551872
  364.936839
  370.993293
  360.559242
  371.819581
  363.881157
  367.787509
  363.585693
  365.211096
  370.644827
  364.925852
  368.671143
  362.088876
  367.988231
  368.705718
  366.218933
  367.713656
  361.392423
  366.622393
  368.631247
  365.122626
  361.988841
  368.649018
  372.646202
  364.284185
  364.508195
  364.055304
  364.597087
  363.23648
  365.250854
  368.831192
  363.066351
  359.87837
  367.667389
  370.94598
  364.699236
  370.25181
  367.671023
  368.045331
  366.999626
  365.519112
  367.643635
  360.992075
  370.093653
  367.036684
  361.352427
  364.383504
  369.841782
  364.298907
  364.652271
  369.443764
  366.553354
  367.165064
  365.93887
  361.2579
  363.581187
  363.588429
  362.92235
  362.433811
  356.768802
  370.992783
  367.690554
  373.984354
  371.14223
  372.07735
  370.312225
  364.751883
  364.043225
  371.831606
  367.027866
  366.180493
  365.975649
  364.165233
  363.195064
  361.941749
  365.087037
  368.556212
  363.587744
  367.164363
  366.228877
  369.636943
  367.250435
  367.446542
  364.750219
  373.124564
  361.629905
  368.287868
  364.037867
  370.788618
  366.311841
  366.897378
  370.786238
  364.585183
  360.623429
  361.565858
  367.923216
  363.497877
  368.338916
  364.022806
  368.433969
  364.961296
  368.63568
  361.868196
  369.536923
  369.131898
  366.155785
  366.262044
  369.602241
  363.623626
  364.532528
  361.191531
  369.666531
  366.015276
  367.090258
  364.306065
  372.981852
  363.613607
  369.858773
  369.544052
  369.795582
  368.68581
