  365.779184
  365.566362
  365.732758
  365.925943
  365.474384
  365.622835
  365.338731
  365.646002
  365.765655
  365.467698
  365.471112
  365.607099
  365.695594
  365.763045
  365.647468
  365.696729
  365.466948
  365.861037
  365.890869
  366.131407
  365.726014
  365.628871
  365.841524
  365.415446
  365.71113
  365.402678
  365.218791
  365.827256
  365.695288
  365.863294
  365.542109
  365.332004
  365.76269
  365.711901
  365.579549
  365.439815
  365.977074
  365.661319
  365.502065
  365.555892
  365.814373
  365.595101
  365.222699
  365.848048
  365.395936
  365.609923
  365.355229
  365.404208
  366.26009
  365.773252
  365.801565
  365.632736
  366.207794
  365.505435
  365.186575
  365.347911
  365.719599
  365.661921
  365.746878
  365.80055
  365.710306
  365.887997
  365.549419
  365.380105
  365.540236
  365.635389
  365.593549
  365.162363
  365.69577
  365.505228
  365.625863
  365.362469
  365.619088
  365.79288
  365.487754
  365.839123
  365.619976
  365.550991
  365.847752
  365.628685
  365.584468
  365.626586
  365.574708
  365.928964
  365.416638
  365.433458
  365.415303
  365.676828
  365.716835
  365.909198
  365.764201
  365.53604
  365.571805
  365.662011
  365.467175
  365.945592
  365.435216
  365.535209
  365.701725
  365.575501
  365.480013
  365.736185
  365.519705
  365.596979
  365.769838
  365.547875
  365.498524
  365.635534
  365.655401
  366.019112
  365.817736
  365.640959
  365.406184
  365.587547
  365.361458
  366.241475
  365.660489
  365.616723
  365.728302
  365.599741
  365.859539
  365.719071
  365.672554
  365.806785
  365.524404
  365.400629
  365.848777
  365.549299
  365.56244
  365.673929
  365.532464
  365.930731
  365.33012
  365.891929
  365.600645
  365.622062
  365.233702
  365.910956
  365.867833
  365.964896
  365.454674
  365.580604
  365.821623
  365.496602
  365.989375
  365.552121
  365.7135
  365.522959
  365.821473
  365.742433
  365.65263
  365.54776
  365.463098
  365.513548
  365.59559
  365.631988
  365.547154
  365.732018
  365.880741
  365.747765
  366.114798
  365.671131
  365.636591
  365.728195
  365.822165
  365.632869
  365.505737
  365.621818
  365.464516
  365.660636
  365.966121
  365.664828
  365.945894
  365.515505
  365.605357
  365.495069
  365.53531
  365.735104
  365.583504
  365.65696
  365.413782
  365.349602
  365.391526
  365.924837
  365.827609
  365.659864
  365.820533
  365.726009
  365.277153
  365.788631
  365.554941
  365.599888
  365.461839
  365.794481
  365.422533
  365.60211
  365.558744
  365.587477
  365.713208
  365.456004
  365.51141
  365.916223
  365.23618
  365.799502
  365.471063
  365.933457
  365.814676
  365.75536
  365.432037
  365.935816
  365.640536
  365.994201
  365.631438
  365.899103
  365.714776
  365.644756
  365.832163
  365.496941
  365.839138
  365.161297
  365.828289
  365.979449
  365.739521
  365.853974
  365.810036
  365.768284
  365.325036
  365.789173
  365.627792
  365.751149
  365.637064
  366.20746
  365.636682
  365.358699
  365.606571
  365.602622
  365.85231
  365.705706
  365.431084
  365.229352
  365.716134
  365.784739
  365.598784
  365.914326
  365.59199
  365.670428
  365.743612
  365.7343
  365.612385
  365.395847
  365.909491
  365.941799
  365.988167
  366.069587
  365.47653
  365.895769
  365.757487
  365.463654
  365.861374
  365.459211
  365.808903
  365.610912
  365.868562
  365.828537
  365.653774
  365.6804
  365.612082
  365.556291
  365.587363
  365.677628
  365.501167
  365.520461
  365.492732
  365.984338
  365.320459
  365.609466
  365.801358
  365.445964
  365.52432
  365.750767
  365.695495
  366.081882
  365.584155
  365.635926
  365.747447
  365.454167
  365.700098
  365.967895
  365.738456
  365.959075
  365.724207
  366.102416
  365.674714
  365.640021
  365.506508
  365.471017
  365.579219
  365.846664
  365.645914
  365.744262
  365.521833
  365.998446
  365.513317
  365.424322
  365.604424
  365.624648
  365.329946
  365.441737
  366.005894
  365.58132
  365.721888
  365.540929
  365.548844
  366.045034
  365.361397
  365.325593
  365.521764
  365.691502
  365.807883
  365.719997
  365.754649
  365.461819
  365.837897
  365.54916
  365.380444
  365.631633
  366.03655
  365.644991
  365.729945
  365.765672
  365.134284
  365.438931
  365.5685
  366.251412
  365.833587
  365.827403
  365.60624
  365.876563
  365.738772
  365.595947
  365.308527
  365.597893
  365.461338
  365.859299
  365.890944
  365.778113
  365.461637
  365.541848
  365.680178
  365.833572
  366.053401
  365.65116
  365.731036
  365.202542
  365.763377
  365.419081
  365.491092
  365.589212
  365.20082
  365.801777
  365.944934
  365.904115
  365.778758
  366.034624
  365.456007
  366.041772
  365.655877
  365.338288
  365.864564
  365.921463
  365.511532
  365.766973
  365.701777
  365.347017
  365.581136
  366.109706
  365.521074
  365.332062
  365.594873
  366.155838
  365.625311
  365.780427
  365.69693
  365.589841
  366.06011
  365.986896
  365.567868
  365.59467
  365.694271
  365.773232
  365.632789
  365.592253
  365.4919
  365.518749
  365.13006
  365.774535
  366.054797
  365.670073
  365.540536
  365.874895
  365.704203
  365.515835
  365.093481
  365.499726
  365.634222
  365.738499
  365.3101
  365.507411
  365.457432
  365.471194
  365.661248
  365.827631
  365.530952
  365.63018
  365.607404
  365.795013
  365.538059
  365.713492
  365.598764
  365.12353
  365.754683
  365.974433
  365.869925
  365.608348
  365.284771
  365.876852
  366.136595
  365.617698
  365.684189
  365.932822
  365.764027
  365.806084
  365.659906
  365.71217
  365.713726
  365.423001
  365.519842
  365.364446
  365.353111
  365.703324
  365.831073
  365.512608
  365.777384
  365.641631
  365.750734
  365.44088
  365.775562
  365.473533
  365.866377
  365.587589
  366.107846
  365.532704
  365.742558
  365.750824
  365.783766
  365.302852
  365.532674
  365.878742
  365.670172
  365.72122
  365.478354
  365.328295
  365.541321
  365.764614
  365.825831
  365.751144
  365.663056
  365.788182
  365.683471
  365.543035
  365.123809
  365.770643
  365.719976
  365.535916
  365.636428
  365.863034
  365.819576
  365.912008
  365.339552
  365.452796
  365.660549
  365.390635
  365.659471
  365.766227
  365.832785
  365.467254
  365.715993
  365.98304
  365.767005
  365.305903
  365.155484
  365.916675
  365.827799
  365.353081
  365.710744
  365.429416
  365.892922
  365.834367
  365.422375
  365.818226
